0 0.7089552238805971 0.5597014925373135 0.13805970149253732 0.1492537313432836
12 0.19140625 0.8710937500000003 0.171875 0.04687500000000002
12 0.216796875 0.419921875 0.08203125 0.02734375
12 0.22265625 0.306640625 0.1015625 0.04296875
12 0.232421875 0.2265625 0.109375 0.0390625
12 0.48144531250000044 0.8408203125000001 0.060546875000000056 0.03320312499999958
12 0.48730468750000044 0.9111328124999994 0.07617187500000007 0.033203124999999556
8 0.517578125 0.5556640625 0.03125 0.283203125
8 0.525390625 0.205078125 0.01171875 0.41015625
8 0.7744140625 0.173828125 0.029296875 0.34765625
8 0.8740234375 0.171875 0.033203125 0.34375
1 0.11380597014925373 1.7763568394002505e-17 0.12313432835820896 0.1063432835820896 0.17537313432835824 0.1697761194029851 0.16231343283582092 0.42910447761194026 0.11007462686567164 0.458955223880597 0.12126865671641791 0.4944029850746269 0.12313432835820896 0.582089552238806 0.11007462686567164 0.6958955223880597 0.10074626865671639 0.996268656716418 0.0 1.0 0.0 0.0
1 0.294921875 0.0 0.275390625 0.111328125 0.2890625 0.177734375 0.2734375 0.244140625 0.283203125 0.265625 0.27734375 0.283203125 0.27734375 0.322265625 0.27734375 0.34765625 0.279296875 0.365234375 0.27734375 0.3984375 0.251953125 0.41015625 0.259765625 0.453125 0.2578125 0.4921875 0.26171875 0.529296875 0.255859375 0.5625 0.24609375 0.6328125 0.236328125 0.8125 0.322265625 0.78515625 0.31640625 0.837890625 0.27734375 0.8671875 0.326171875 1.0 0.4453125 1.0 0.451171875 0.0
10 0.5078125 0.0 0.537109375 0.0 0.52734375 1.0 0.505859375 1.0
9 0.5078125 0.0 0.537109375 0.0 0.52734375 1.0 0.505859375 1.0
7 0.912109375 0.0 0.916015625 0.384765625 0.849609375 0.412109375 0.841796875 1.0 1.0 1.0 1.0 0.0
