9 0.2630597014925373 0.23507462686567146 0.3003731343283582 0.2462686567164177 0.3059701492537314 0.9999999999999999 0.26865671641791045 0.9944029850746265
9 0.9011194029850746 0.0 0.9328358208955224 0.0 0.9440298507462687 0.8339552238805971 0.9458955223880597 1.0 0.9123134328358209 1.0 0.9123134328358209 0.8563432835820897 0.914179104477612 0.8376865671641791
10 0.2835820895522388 0.24253731343283583 0.2873134328358209 0.3414179104477612 0.2798507462686567 0.38619402985074625 0.2798507462686567 0.40111940298507465 0.2873134328358209 0.416044776119403 0.2798507462686567 0.4253731343283582 0.2873134328358209 0.4421641791044777 0.28544776119402987 0.458955223880597 0.2798507462686567 0.4776119402985074 0.27611940298507465 0.4962686567164179 0.27798507462686567 0.5186567164179104 0.2798507462686567 0.542910447761194 0.2798507462686567 0.5597014925373134 0.27798507462686567 0.5802238805970149 0.2835820895522388 0.5932835820895522 0.27425373134328357 0.6138059701492538 0.2835820895522388 0.625 0.2873134328358209 0.6380597014925373 0.2873134328358209 0.6548507462686567 0.28544776119402987 0.6791044776119403 0.28544776119402987 0.7182835820895522 0.28544776119402987 0.7425373134328358 0.2873134328358209 0.7593283582089554 0.28544776119402987 0.7705223880597015 0.28171641791044777 0.789179104477612 0.2798507462686567 0.8078358208955224 0.27238805970149255 0.8563432835820897 0.28544776119402987 0.8694029850746269 0.2873134328358209 0.8880597014925374 0.28544776119402987 0.917910447761194 0.2873134328358209 0.9440298507462687 0.28544776119402987 0.9589552238805971 0.2873134328358209 0.9813432835820897 0.28171641791044777 0.8544776119402985 0.2891791044776119 0.8208955223880597 0.2873134328358209 0.6082089552238806 0.2835820895522388 0.5279850746268657 0.2873134328358209 0.5055970149253731 0.2873134328358209 0.49253731343283585
1 0.6033169987777118 0.8416071408547046 0.5808896912881125 0.8402054341366046 0.5682743308252128 0.8528207945995043 0.5514538502080134 0.8542225013176044 0.526223129282214 0.8626327416262041 0.5122060621012146 0.8668378617805039 0.496787288202115 0.8780515155253035 0.5094026486650146 0.9018805297330029 0.5248214225641141 0.9046839431692029 0.5570606770804133 0.9046839431692029 0.5836931047243125 0.9201027170683023 0.6187357726768113 0.9187010103502025 0.6369579600121108 0.9130941834778025 0.6411630801664107 0.8976754095787031 0.6537784406293103 0.899077116296803 0.6481716137569105 0.8808549289615034 0.6313511331397109 0.8696412752167039 0.632752839857811 0.8598293281900041 0.6579835607836101 0.8598293281900041 0.6369579600121108 0.8416071408547046
1 0.31836684346860744 0.8207104971012705 0.30448994695941783 0.8330455162205503 0.29832243739977793 0.83921302578019 0.2926250053768417 0.8445312147752746 0.28370870774020285 0.8596926850062016 0.2988381780171999 0.8716352066671527 0.31374121129887755 0.883927470087579 0.3260762304181572 0.8870112248673988 0.3445787590970767 0.8823855926976687 0.35845565560626624 0.8669668187985693 0.3707906747255459 0.8669668187985693 0.3815838164549155 0.8669668187985693 0.39391883557419516 0.8607993092389293 0.3970025903540151 0.8530899222893795 0.39854446774392505 0.8438386579499199 0.3815838164549155 0.8438386579499199 0.36924879733563587 0.8315036388306403 0.3492043912668066 0.8253361292710005 0.3384112495374369 0.8253361292710005
12 0.14179104477611953 0.8423507462686587 0.2761194029850749 0.042910447761194036
8 0.2863805970149251 0.6250000000000001 0.024253731343283527 0.7462686567164183
8 0.2985074626865672 0.12033582089552239 0.05597014925373147 0.24067164179104478
12 0.9222052771454521 0.8591284748309538 0.15558944570909558 0.049059735133498344
12 0.4563648698655487 0.8592574318490196 0.11564080424324652 0.027753793018379137
0 0.7305825242718447 0.6076051779935275 0.04368932038834956 0.046925566343042104
