10 0.14738805970149255 0.8041044776119403 0.14925373134328357 1.0 0.17537313432835824 1.0 0.17537313432835824 0.8059701492537313
9 0.14738805970149255 0.8041044776119403 0.14925373134328357 1.0 0.17537313432835824 1.0 0.17537313432835824 0.8059701492537313
10 0.7145522388059702 0.15485074626865672 0.7332089552238805 0.15485074626865672 0.746268656716418 0.75 0.7238805970149254 0.7481343283582089
9 0.7145522388059702 0.15485074626865672 0.7406716417910446 0.15111940298507462 0.746268656716418 0.75 0.7238805970149254 0.7481343283582089
4 0.0018656716417910443 0.3227611940298508 0.027985074626865673 0.3302238805970149 0.029850746268656712 0.4832089552238806 0.0 0.49253731343283585
8 0.4757462686567165 0.3171641791044776 0.03731343283582085 0.585820895522388
8 0.20429104477611942 0.28917910447761197 0.04291044776119403 0.3992537313432836
11 0.45802238805970147 0.09514925373134328 0.17723880597014932 0.06716417910447763
8 0.4645522388059702 0.8041044776119404 0.059701492537313425 0.29477611940298515
8 0.5457089552238805 0.7910447761194029 0.09141791044776112 0.2611940298507463
8 0.6940298507462686 0.6296641791044776 0.02238805970149244 0.2518656716417911
12 0.40671641791044777 0.6110074626865672 0.13432835820895528 0.0578358208955224
12 0.23041044776119401 0.5419776119402985 0.125 0.03544776119402982
8 0.6716417910447761 0.051305970149253734 0.02238805970149258 0.10261194029850745
8 0.7052238805970148 0.12126865671641791 0.014925373134328339 0.1492537313432836
8 0.7061567164179107 0.519589552238806 0.0354477611940301 0.6996268656716417
12 0.35113268608414233 0.3349514563106796 0.37216828478964387 0.04207119741100321
