1 0.31902985074626866 0.5914179104477612 0.31343283582089554 0.6343283582089553 0.30970149253731344 0.6623134328358209 0.32276119402985076 0.6791044776119403 0.33582089552238803 0.6567164179104478 0.35634328358208955 0.6660447761194029 0.3805970149253731 0.6585820895522388 0.40111940298507465 0.6567164179104478 0.42723880597014924 0.6343283582089553 0.4085820895522388 0.6231343283582089 0.38992537313432835 0.6268656716417911 0.35634328358208955 0.6100746268656716 0.33955223880597013 0.6044776119402985
1 0.09514925373134328 0.332089552238806 0.06529850746268656 0.3376865671641791 0.05037313432835821 0.3507462686567165 0.03917910447761194 0.36567164179104483 0.05783582089552239 0.3712686567164179 0.08022388059701493 0.3787313432835821 0.10074626865671642 0.3712686567164179 0.10074626865671642 0.3582089552238806
9 0.18097014925373134 0.0 0.21455223880597013 0.0 0.20708955223880599 0.9925373134328358 0.16977611940298507 0.996268656716418
9 0.951492537313433 0.0018656716417910445 0.9869402985074626 0.0 0.9589552238805971 0.996268656716418 0.9160447761194029 0.9981343283582089 0.9365671641791045 0.31716417910447764 0.9421641791044776 0.1623134328358209
7 0.8115671641791045 0.49253731343283585 0.8059701492537313 0.542910447761194 0.8339552238805971 0.6007462686567164 0.8414179104477612 0.6231343283582089 0.914179104477612 0.6324626865671642 0.8861940298507462 0.6585820895522388 0.8526119402985075 0.6865671641791045 0.8675373134328358 0.7145522388059702 0.8470149253731343 0.7723880597014925 0.8246268656716418 0.8022388059701493 0.8395522388059702 0.8376865671641791 0.8638059701492538 0.8656716417910446 0.8899253731343283 0.8992537313432836 0.875 0.9309701492537313 0.8899253731343283 0.9757462686567164 0.8992537313432836 0.9869402985074626 0.9085820895522388 0.9981343283582089 0.9981343283582089 0.9981343283582089 0.9981343283582089 0.005597014925373134 0.9029850746268657 0.0 0.923507462686567 0.029850746268656712 0.9309701492537313 0.059701492537313425 0.9272388059701493 0.07649253731343283 0.9216417910447761 0.10820895522388058 0.923507462686567 0.13805970149253732 0.9104477611940298 0.16417910447761194 0.9291044776119403 0.22388059701492538 0.923507462686567 0.2630597014925373 0.9067164179104478 0.27611940298507465 0.9216417910447761 0.29850746268656714 0.871268656716418 0.3246268656716418 0.9216417910447761 0.45149253731343286 0.914179104477612 0.4962686567164179 0.8899253731343283 0.5298507462686567 0.8582089552238805 0.5223880597014925
8 0.7033582089552232 0.31063432835820903 0.27238805970149244 0.621268656716418
12 0.7080223880597016 0.6305970149253732 0.576492537313433 0.0597014925373135
8 0.3031716417910448 0.7863805970149254 0.042910447761193994 0.20708955223880593
8 0.33208955223880593 0.9328358208955223 0.0335820895522388 0.13059701492537315
12 0.16138059701492533 0.4785447761194031 0.3152985074626865 0.2332089552238809
8 0.2770522388059702 0.03731343283582089 0.035447761194029856 0.07462686567164178
8 0.34888059701492535 0.11380597014925373 0.041044776119402965 0.2052238805970149
