10 0.2294776119402985 0.6604477611940298 0.25 0.6604477611940298 0.24813432835820895 0.8171641791044776 0.2332089552238806 0.8171641791044775
10 0.7873134328358211 0.6268656716417911 0.8003731343283582 0.6268656716417911 0.8003731343283582 0.7406716417910446 0.789179104477612 0.7425373134328358
9 0.789179104477612 0.8638059701492538 0.8134328358208955 0.8675373134328358 0.8190298507462687 0.9906716417910446 0.792910447761194 0.9925373134328358
10 0.789179104477612 0.8638059701492538 0.8134328358208955 0.8675373134328358 0.8190298507462687 0.9906716417910446 0.792910447761194 0.9925373134328358
10 0.7705223880597015 0.014925373134328356 0.7966417910447761 0.013059701492537313 0.7947761194029852 0.10634328358208955 0.7761194029850746 0.10634328358208955
10 0.7761194029850746 0.20335820895522388 0.7873134328358209 0.20522388059701493 0.792910447761194 0.30223880597014924 0.7798507462686567 0.30970149253731344
10 0.7761194029850746 0.39365671641791045 0.798507462686567 0.39552238805970147 0.7966417910447761 0.5223880597014925 0.7798507462686567 0.5223880597014925
10 0.2388059701492537 0.3880597014925373 0.24626865671641793 0.3880597014925373 0.24813432835820895 0.5242537313432836 0.23134328358208955 0.5205223880597016
10 0.2332089552238806 0.14738805970149252 0.2593283582089552 0.14552238805970147 0.25373134328358204 0.17910447761194032 0.2388059701492537 0.17537313432835824
9 0.7779850746268657 0.20149253731343283 0.8022388059701493 0.19776119402985073 0.8003731343283582 0.31343283582089554 0.7817164179104478 0.30970149253731344
9 0.7761194029850746 0.3992537313432835 0.8059701492537313 0.3992537313432835 0.8097014925373134 0.5242537313432836 0.7835820895522388 0.5242537313432836
9 0.7854477611940298 0.6250000000000001 0.8097014925373134 0.625 0.8115671641791045 0.7406716417910446 0.789179104477612 0.7481343283582089
9 0.1623134328358209 0.0708955223880597 0.19029850746268656 0.059701492537313425 0.22014925373134328 0.18283582089552242 0.1977611940298508 0.1884328358208955
9 0.23694029850746265 0.12686567164179105 0.2574626865671642 0.12873134328358213 0.2630597014925373 0.27238805970149255 0.24067164179104478 0.27052238805970147
9 0.22761194029850748 0.38992537313432835 0.2537313432835821 0.3917910447761194 0.2537313432835821 0.5223880597014925 0.2238805970149254 0.5205223880597015
9 0.22388059701492538 0.6623134328358208 0.251865671641791 0.6604477611940298 0.25 0.8134328358208955 0.2238805970149254 0.8115671641791045
9 0.22014925373134328 0.9402985074626866 0.24067164179104478 0.9440298507462687 0.24067164179104478 1.0 0.22201492537313436 1.0
9 0.13805970149253732 0.11940298507462685 0.1623134328358209 0.12126865671641791 0.1623134328358209 0.2555970149253731 0.13805970149253732 0.2593283582089552
9 0.13619402985074627 0.3973880597014925 0.16044776119402981 0.3992537313432836 0.16044776119402981 0.5335820895522388 0.13619402985074627 0.5373134328358209
9 0.13432835820895522 0.667910447761194 0.1585820895522388 0.6697761194029852 0.15671641791044774 0.8227611940298509 0.13059701492537312 0.8227611940298509
9 0.1287313432835821 0.9496268656716418 0.15485074626865672 0.951492537313433 0.15298507462686567 1.0 0.12686567164179105 1.0
1 0.9104477611940299 0.6996268656716418 0.8638059701492538 0.6921641791044776 0.8303934871099049 0.729470603406708 0.8219832468013053 0.7561030310506073 0.8444105542909045 0.7827354586945064 0.8360003139823049 0.8023593527479059 0.8416071408547048 0.8289917803918051 0.8374020207004048 0.8486156744452045 0.8233849535194052 0.865436155062404 0.8360003139823049 0.8766498088072034 0.8514190878814044 0.8724446886529037 0.861231034908104 0.8920685827063032 0.861231034908104 0.9215044237864024 0.8808549289615034 0.9243078372226023 0.899077116296803 0.9187010103502025 0.9158975969140024 0.9088890633235026 0.9397266111217017 0.9060856498873029 0.959350505175101 0.9271112506588023 0.9775726925104009 0.9102907700416025 0.967760745483701 0.8864617558339033 0.9761709857923008 0.8710429819348039 0.9551453850208013 0.8500173811633044 0.9565470917389013 0.8374020207004049 0.9621539186113011 0.8219832468013053 0.9817778126647005 0.8233849535194052 0.9845812261009005 0.8149747132108054 0.9733675723561008 0.796752525875506 0.966359038765601 0.7813337519764064 0.9495385581484014 0.7757269251040065 0.9439317312760016 0.767316684795407 0.9439317312760016 0.7462910840239075 0.9495385581484014 0.7350774302791081 0.9621539186113011 0.7168552429438084 0.9621539186113011 0.697231348890409 0.9509402648665014 0.6691972145284099 0.9341197842493019 0.6565818540655103 0.9271112506588023 0.6383596667302107 0.9187010103502025 0.6523767339112103 0.9144958901959025 0.6705989212465098
1 0.748046875 0.32421875 0.728515625 0.37109375 0.728515625 0.42578125 0.7109375 0.44140625 0.712890625 0.46875 0.71875 0.484375 0.7421875 0.484375 0.765625 0.474609375 0.7734375 0.3828125 0.78515625 0.345703125
1 0.912621359223301 0.3640776699029126 0.8462783171521037 0.4692556634304207 0.7944983818770227 0.3446601941747573 0.7928802588996764 0.11488673139158574 0.8106796116504854 0.019417475728155338 0.8478964401294499 0.008090614886731391 0.8656957928802589 0.2669902912621359 0.9336569579288025 0.27993527508090615
8 0.9111328125 0.533203125 0.041015625 0.20703125
12 0.8892104151014274 0.23446058947738166 0.21864434635612265 0.02964171227613487
0 0.3348880597014925 0.1333955223880597 0.14738805970149255 0.14365671641791045
0 0.04850746268656716 0.36753731343283574 0.08955223880597014 0.13805970149253732
