10 0.09701492537313433 0.0 0.12126865671641791 0.003731343283582089 0.13992537313432835 0.9925373134328358 0.11753731343283583 0.9906716417910446
9 0.08955223880597014 0.0 0.12126865671641791 0.0 0.14925373134328357 0.9981343283582089 0.11753731343283583 0.9981343283582089
9 0.1791044776119403 0.0 0.20708955223880599 0.0018656716417910445 0.23134328358208955 0.9944029850746269 0.19962686567164176 0.9981343283582089
9 0.7779850746268657 0.0 0.8190298507462687 0.0 0.8470149253731343 0.9925373134328358 0.8078358208955224 0.9944029850746269
8 0.1225745927042036 0.49925372849649463 0.02499993167706389 0.9985074569929892
12 0.8722014925373134 0.8432835820895522 0.255597014925373 0.044776119402985017
8 0.5401119402985067 0.26305970149253716 0.03917910447761178 0.5223880597014922
8 0.7667910447761187 0.6389925373134328 0.04850746268656718 0.7108208955223881
8 0.5419776119402985 0.8274253731343285 0.042910447761193994 0.23694029850746276
8 0.3134328358208955 0.6455223880597015 0.04850746268656717 0.6194029850746268
12 0.37779850746268656 0.8498134328358208 0.2630597014925373 0.03544776119402982
12 0.47014925373134325 0.7117537313432837 0.25373134328358204 0.03917910447761201
