10 0.09328358208955224 0.0 0.10820895522388058 0.0 0.12126865671641791 0.5876865671641791 0.10261194029850747 0.5802238805970149
10 0.10820895522388058 0.6548507462686567 0.11753731343283583 0.6567164179104478 0.125 0.9925373134328358 0.11194029850746269 0.9925373134328358
9 0.08022388059701493 0.0 0.11567164179104478 0.0 0.13992537313432835 1.0 0.10634328358208958 1.0
9 0.16977611940298507 0.0 0.20335820895522388 0.0 0.2332089552238806 1.0 0.19776119402985073 0.996268656716418
9 0.8003731343283582 0.0 0.835820895522388 0.0 0.8563432835820897 0.996268656716418 0.826492537313433 0.9981343283582089
8 0.10634328358208954 0.36660447761194026 0.014925373134328356 0.42723880597014924
8 0.11753731343283581 0.8292910447761195 0.01865671641791045 0.34141791044776115
8 0.5410447761194029 0.18283582089552242 0.044776119402985086 0.16791044776119407
8 0.5438432835820897 0.4981343283582089 0.04291044776119413 0.15298507462686564
12 0.2919776119402985 0.24067164179104478 0.12126865671641789 0.01865671641791046
12 0.33302238805970147 0.6222014925373134 0.10261194029850743 0.020522388059701482
12 0.305037313432836 0.8246268656716421 0.12500000000000033 0.11940298507462717
8 0.7313432835820897 0.1380597014925373 0.02985074626865682 0.24626865671641787
