9 0.2723880597014925 0.0018656716417909936 0.29477611940298504 -5.10702591327572e-17 0.24440298507462685 1.0 0.2220149253731343 0.9981343283582089
9 0.8656716417910448 -6.217248937900877e-17 0.8917910447761196 -6.217248937900877e-17 0.8414179104477613 0.9999999999999999 0.8097014925373135 0.9999999999999999
10 0.8470149253731343 0.45149253731343286 0.8619402985074626 0.4869402985074627 0.8507462686567164 0.5149253731343284 0.8563432835820897 0.5541044776119403 0.8544776119402985 0.585820895522388 0.8470149253731343 0.6343283582089553 0.835820895522388 0.628731343283582
10 0.8246268656716418 0.9328358208955224 0.8171641791044776 0.9944029850746269 0.8376865671641791 0.9776119402985075
4 0.38619402985074625 0.05223880597014925 0.36753731343283585 0.05223880597014925 0.3507462686567165 0.06716417910447761 0.31902985074626866 0.06902985074626866 0.31529850746268656 0.09888059701492537 0.31529850746268656 0.14925373134328357 0.30783582089552236 0.16791044776119401 0.31156716417910446 0.2052238805970149 0.30223880597014924 0.23507462686567163 0.29850746268656714 0.2555970149253731 0.333955223880597 0.27798507462686567 0.34701492537313433 0.292910447761194 0.332089552238806 0.30783582089552236 0.3041044776119403 0.30783582089552236 0.29850746268656714 0.3600746268656716 0.3003731343283582 0.38432835820895517 0.3003731343283582 0.4123134328358209 0.292910447761194 0.42910447761194026 0.292910447761194 0.4552238805970149 0.291044776119403 0.4869402985074627 0.291044776119403 0.5149253731343283 0.2873134328358209 0.5410447761194029 0.292910447761194 0.5597014925373134 0.3246268656716418 0.5671641791044777 0.7910447761194029 0.5839552238805971 0.8171641791044776 0.5615671641791044 0.8283582089552239 0.5261194029850745 0.8246268656716418 0.4794776119402984 0.832089552238806 0.4440298507462687 0.8227611940298507 0.4048507462686567 0.8376865671641791 0.376865671641791 0.8544776119402985 0.05223880597014925 0.8451492537313433 0.029850746268656712 0.41633708313034234 0.04144005491828691
12 0.3451492537313433 0.7425373134328359 0.15671641791044774 0.04850746268656721
12 0.9421641791044776 0.16604477611940274 0.1156716417910451 0.03731343283582084
8 0.6553394941854933 0.7491908705916377 0.08737851141680325 0.3398058252427184
12 0.9263754045307444 0.4886731391585761 0.13754045307443363 0.03883495145631066
12 0.8996764342044834 0.8309061488673126 0.18446590181756972 0.040453074433656984
8 0.40129449838187703 0.7305825242718447 0.04530744336569583 0.29935275080906143
