9 0.7667910447761195 0.0 0.8003731343283582 0.0 0.8507462686567164 0.9944029850746269 0.8041044776119403 0.996268656716418 0.792910447761194 0.710820895522388
9 0.17723880597014927 0.0 0.208955223880597 0.0 0.22014925373134328 0.996268656716418 0.1865671641791045 0.9962686567164176
9 0.08768656716417912 0.0 0.12313432835820896 0.003731343283582089 0.1287313432835821 0.9925373134328358 0.09514925373134328 0.996268656716418
12 0.9253731343283583 0.7602611940298507 0.1455223880597015 0.031716417910447776
12 0.6847014925373134 0.7024253731343283 0.1940298507462687 0.05410447761194035
12 0.5326492537313433 0.8955223880597015 0.46455223880597013 0.0671641791044776
12 0.13992537313432835 0.7958955195412707 0.2798507462686567 0.05000000569357809
12 0.5279850746268656 0.3460820895522388 0.23880597014925364 0.046641791044776115
8 0.5550373134328344 0.6744402985074626 0.04664179104477596 0.5690298507462689
12 0.43843283582089554 0.7388059701492538 0.13432835820895528 0.03358208955223887
