9 0.2126865671641791 0.0 0.24067164179104478 0.0018656716417910445 0.25 0.9981343283582089 0.22014925373134328 0.9981343283582089
9 0.11753731343283583 0.0018656716417910445 0.13992537313432835 0.0 0.15111940298507462 0.9925373134328358 0.12313432835820896 0.9925373134328358
9 0.8283582089552239 0.0 0.8563432835820897 0.0 0.878731343283582 0.9888059701492538 0.8414179104477612 0.9944029850746269
9 0.9197761194029852 0.0 0.9347014925373135 1.0 0.9664179104477612 1.0 0.9458955223880597 0.0
8 0.6781716417910448 0.9430970149253731 0.042910447761194064 0.07276119402985075
12 0.7024253731343286 0.8983208955223888 0.17350746268656697 0.05783582089552243
12 0.7919776119402983 0.9673507462686572 0.21082089552238853 0.027985074626865752
8 0.769589552238806 0.14832089552238809 0.042910447761194064 0.29664179104477617
8 0.4188432835820896 0.3805970149253731 0.05410447761194028 0.3582089552238806
8 0.03544776119402985 0.3852611940298508 0.04477611940298507 0.6809701492537314
12 0.669776119402985 0.33208955223880593 0.10447761194029845 0.044776119402985086
12 0.6847014925373134 0.41417910447761197 0.0708955223880598 0.044776119402985017
12 0.27052238805970147 0.8815298507462686 0.39552238805970147 0.046641791044776115
12 0.6585820895522388 0.1455223880597015 0.11940298507462685 0.0373134328358209
12 0.5065298507462687 0.6958955223880596 0.2966417910447761 0.09328358208955223
8 0.5233208955223881 0.4533582089552239 0.046641791044776185 0.832089552238806
8 0.6930970149253731 0.43190298507462693 0.06529850746268664 0.826492537313433
