8 0.03824626865671642 0.3143656716417911 0.03917910447761194 0.6287313432835822
8 0.03544776119402985 0.8768656716417911 0.033582089552238806 0.24626865671641796
12 0.27425373134328357 0.644589552238806 0.19029850746268656 0.050373134328358306
0 0.09608208955223882 0.691231343283582 0.11380597014925374 0.1175373134328359
8 0.5261194029850746 0.667910447761194 0.059701492537313425 0.619402985074627
0 0.8731343283582089 0.7938432835820897 0.13432835820895528 0.12126865671641797
8 0.37406716417910274 0.5289179104477604 0.024253731343283534 0.942164179104476
12 0.45064735503085346 0.7508090614886731 0.09223300970873786 0.04530744336569583
7 0.7593283582089554 0.0 1.0 0.0 1.0 1.0 0.7313432835820897 1.0
10 0.36380597014925375 3.9968028886505634e-17 0.38992537313432835 3.9968028886505634e-17 0.3973880597014925 1.0 0.37126865671641796 1.0
9 0.36380597014925375 3.9968028886505634e-17 0.38992537313432835 3.9968028886505634e-17 0.3973880597014925 1.0 0.37126865671641796 1.0
