0 0.6996268656716418 0.7798507462686567 0.06343283582089555 0.07462686567164184
0 0.75 0.8572761194029852 0.07835820895522402 0.07649253731343293
8 0.8479477611940298 0.957089552238806 0.024253731343283676 0.08582089552238827
8 0.5261194029850746 0.558768656716418 0.02985074626865675 0.29664179104477606
8 0.44123134328358204 0.8330223880597015 0.03917910447761194 0.2481343283582089
8 0.6082089552238805 0.6529850746268656 0.029850746268656678 0.24626865671641796
12 0.5531716417910447 0.917910447761194 0.14365671641791045 0.02238805970149258
9 0.27611940298507465 0.0 0.3041044776119403 0.0 0.30597014925373134 0.36380597014925375 0.27611940298507465 0.3619402985074627
10 0.8395522388059702 0.9104477611940298 0.8582089552238805 0.9104477611940298 0.8600746268656717 1.0 0.8395522388059702 1.0
9 0.8078358208955223 0.0 0.835820895522388 0.0 0.8656716417910446 1.0 0.8395522388059702 1.0
1 0.75 0.4421641791044777 0.8097014925373134 0.43470149253731344 0.8041044776119403 0.6361940298507462 0.6623134328358208 0.6324626865671642 0.6361940298507464 0.503731343283582
1 0.15671641791044777 0.4496268656716418 0.12313432835820896 0.5167910447761194 0.10634328358208955 0.6716417910447761 0.11380597014925373 0.7798507462686567 0.13432835820895522 0.9291044776119403 0.1417910447761194 1.0 0.20708955223880599 0.9925373134328358 0.20708955223880599 0.9253731343283582 0.22761194029850745 0.798507462686567 0.20522388059701493 0.746268656716418 0.21641791044776115 0.7164179104477612 0.20522388059701493 0.5895522388059702 0.208955223880597 0.5298507462686567
