9 0.7649253731343283 0.0 0.8003731343283582 0.0 0.8376865671641791 0.9981343283582089 0.798507462686567 0.996268656716418
9 0.17350746268656717 0.0 0.19962686567164176 0.0 0.22388059701492538 0.996268656716418 0.1884328358208955 0.9944029850746269
9 0.08208955223880597 0.0018656716417910445 0.11753731343283583 0.0 0.13432835820895522 1.0 0.0988805970149254 1.0
8 0.5606343283582089 0.7677238805970148 0.04291044776119397 0.37500000000000006
12 0.7033582089552239 0.23414179104477612 0.08208955223880593 0.0167910447761194
12 0.7173507462686567 0.8488805970149254 0.125 0.041044776119402965
12 0.43470149253731344 0.6884328358208955 0.1268656716417911 0.041044776119402965
12 0.20335820895522388 0.28078358208955223 0.09701492537313432 0.03544776119402982
8 0.28544776119402987 0.9253731343283582 0.055970149253731345 0.119402985074627
8 0.3815298507462687 0.9039179104477612 0.03544776119402975 0.11007462686567165
