9 0.8152985074626866 0.43843283582089554 0.8470149253731343 0.44029850746268656 0.8395522388059702 0.9925373134328358 0.8078358208955224 0.9925373134328358
9 0.0018656716417910445 0.0018656716417910445 0.03544776119402985 0.0018656716417910445 0.009328358208955223 0.9944029850746269 0.0 0.9906716417910446
10 0.23507462686567165 0.003731343283582089 0.23694029850746268 0.03544776119402985 0.2294776119402985 0.16417910447761194 0.21641791044776115 0.582089552238806 0.20522388059701493 0.9925373134328358 0.20335820895522388 0.9029850746268657 0.20708955223880599 0.7481343283582089 0.208955223880597 0.6772388059701493 0.20149253731343283 0.667910447761194 0.21082089552238806 0.6529850746268657 0.2126865671641791 0.5951492537313433 0.208955223880597 0.5764925373134329 0.2126865671641791 0.5652985074626866 0.21828358208955223 0.4123134328358209 0.22014925373134328 0.375 0.2126865671641791 0.3507462686567165 0.22014925373134328 0.3283582089552239 0.22014925373134328 0.30597014925373134 0.22574626865671643 0.27611940298507465 0.22014925373134328 0.2667910447761194 0.22761194029850745 0.22201492537313436 0.22014925373134328 0.21641791044776115 0.22574626865671643 0.20149253731343283 0.22761194029850745 0.13619402985074627 0.22014925373134328 0.12126865671641791 0.23134328358208955 0.10820895522388058 0.22574626865671643 0.08955223880597014 0.23134328358208955 0.06716417910447761
9 0.24813432835820895 0.0 0.2126865671641791 0.0 0.18470149253731344 0.996268656716418 0.22574626865671643 0.996268656716418
8 0.10167910447761191 0.08488805970149253 0.04291044776119397 0.16977611940298507
8 0.10167910447761194 0.43656716417910446 0.046641791044776115 0.3619402985074627
8 0.08955223880597014 0.832089552238806 0.02611940298507462 0.33208955223880593
12 0.05317164179104479 0.6623134328358208 0.08395522388059704 0.02611940298507463
12 0.14458955223880596 0.9281716417910443 0.11753731343283587 0.024253731343283527
8 0.21921641791044777 0.5 0.03917910447761202 1.0
