11 0.8386194029850748 0.2527985074626866 0.14365671641791053 0.1585820895522388
8 0.7080078125000006 0.498046875 0.02929687500000001 0.17187499999999978
8 0.36914062499999917 0.8828124999999996 0.04687499999999965 0.18749999999999978
12 0.5068359375 0.1796875 0.228515625 0.046875
0 0.4951171875 0.4453125 0.119140625 0.12109375
0 0.48144531250000006 0.6435546874999999 0.138671875 0.13867187500000006
4 0.7574626865671642 0.0 0.7705223880597015 0.3712686567164179 0.7947761194029852 0.3805970149253731 1.0 0.3246268656716418 1.0 0.0
1 0.292910447761194 0.3283582089552239 0.2593283582089552 0.3805970149253731 0.251865671641791 0.46082089552238803 0.20895522388059695 0.5186567164179104 0.19402985074626866 0.5690298507462687 0.18283582089552242 0.6343283582089553 0.18656716417910452 0.710820895522388 0.17537313432835824 0.7537313432835822 0.16044776119402987 0.7798507462686567 0.1623134328358209 0.8246268656716418 0.15111940298507462 0.8470149253731343 0.21455223880597013 0.9626865671641791 0.31902985074626866 0.9720149253731343 0.36007462686567165 0.8171641791044776 0.4123134328358209 0.7369402985074626 0.36007462686567165 0.6399253731343284 0.373134328358209 0.5783582089552238 0.3283582089552239 0.48507462686567165 0.3712686567164179 0.417910447761194 0.36380597014925375 0.3805970149253731 0.3694029850746269 0.30223880597014924 0.3880597014925373 0.20335820895522388 0.36567164179104483 0.15485074626865672 0.39669683955292245 0.12474349364960644 0.4030620795692515 0.045994778701034356 0.407506714818706 0.0 0.30098451836398676 0.0 0.2828939165104741 0.014037071091646647 0.2500448035447273 0.08636531917547781 0.26865671641791045 0.14552238805970147 0.2873134328358209 0.28171641791044777
1 0.685546875 0.59765625 0.662109375 0.6328125 0.62109375 0.68359375 0.58984375 0.681640625 0.53515625 0.6796875 0.548828125 0.72265625 0.59765625 0.8046875 0.62890625 0.8359375 0.673828125 0.841796875 0.7109375 0.826171875 0.73828125 0.802734375 0.7578125 0.783203125 0.78125 0.775390625 0.78515625 0.736328125 0.759765625 0.71484375 0.74609375 0.681640625 0.72265625 0.625
7 0.46484375 0.0 0.451171875 1.0 0.970703125 1.0 0.970703125 0.337890625 0.78515625 0.0
7 0.240234375 0.0 0.064453125 1.0 0.0 1.0 0.0 0.0
