9 0.11753731343283583 0.0018656716417910445 0.13992537313432835 0.0 0.15111940298507462 0.9925373134328358 0.12313432835820896 0.9925373134328358
9 0.2126865671641791 0.0 0.24067164179104478 0.0018656716417910445 0.25 0.9981343283582089 0.22014925373134328 0.9981343283582089
9 0.8283582089552239 0.0 0.8563432835820897 0.0 0.878731343283582 0.9888059701492538 0.8414179104477612 0.9944029850746269
9 0.914179104477612 0.0 0.9440298507462687 0.0 0.9645522388059702 0.996268656716418 0.9328358208955224 0.996268656716418
8 0.7817164179104482 0.375 0.03731343283582077 0.6305970149253732
8 0.5251865671641791 0.3899253731343284 0.04664179104477604 0.7723880597014926
8 0.06529850746268658 0.48041044776119407 0.06343283582089553 0.9235074626865672
12 0.4421641791044776 0.4645522388059702 0.20522388059701493 0.04850746268656714
12 0.46082089552238803 0.29477611940298504 0.22388059701492538 0.059701492537313425
12 0.7089552238805971 0.6231343283582089 0.19029850746268642 0.029850746268656678
12 0.7406716417910448 0.5335820895522388 0.2164179104477612 0.03731343283582085
12 0.7518656716417911 0.7229477611940299 0.26492537313432846 0.046641791044776115
8 0.43376865671641796 0.7574626865671642 0.06529850746268658 0.32462686567164184
8 0.7164179104477612 0.6958955223880596 0.05597014925373131 0.46641791044776115
8 0.45615671641791045 0.38899253731343286 0.061567164179104454 0.31156716417910446
