8 0.8488805970149254 0.40391791044776126 0.018656716417910387 0.3339552238805971
8 0.8125 0.22201492537313436 0.031716417910447776 0.4440298507462686
8 0.8600746268656715 0.921641791044776 0.03731343283582092 0.15671641791044794
8 0.5768608414239482 0.7281553398058253 0.02750809061488674 0.3786407766990292
8 0.4118122977346279 0.35517799352750806 0.05016181229773459 0.7071197411003236
8 0.6820514765372168 0.40048543689320387 0.05984526699029118 0.8009708737864077
10 0.8432835820895522 0.23507462686567165 0.8600746268656717 0.23694029850746265 0.8582089552238805 0.5541044776119403 0.8376865671641789 0.5652985074626866
9 0.8339552238805971 0.0 0.8675373134328358 0.0 0.8675373134328358 0.832089552238806 0.835820895522388 0.835820895522388
9 0.3041044776119403 0.0 0.332089552238806 0.0 0.3190298507462687 0.878731343283582 0.2891791044776119 0.871268656716418
10 0.24067164179104478 0.3190298507462687 0.2574626865671642 0.32089552238805974 0.24813432835820895 0.8451492537313433 0.23507462686567165 0.8507462686567164
9 0.24067164179104478 0.0 0.26492537313432835 0.0 0.25 0.8507462686567164 0.2164179104477612 0.8526119402985075
