8 0.30970149253731355 0.5083955223880596 0.029850746268656737 0.957089552238806
8 0.6753731343283582 0.7938432835820897 0.08955223880597017 0.3451492537313432
8 0.6856343283582089 0.07089552238805968 0.027985074626865725 0.1380597014925373
0 0.9216417910447761 0.478544776119403 0.1268656716417911 0.12873134328358204
12 0.5942164179104478 0.4776119402985074 0.14738805970149252 0.03731343283582085
8 0.41504854368932037 0.41666666666666663 0.040453074433657005 0.8171521035598706
12 0.4466019417475728 0.56957928802589 0.29126213592233 0.04530744336569569
1 0.6753731343283582 0.16044776119402987 0.6623134328358209 0.21455223880597013 0.6902985074626866 0.26119402985074625 0.6958955223880597 0.28544776119402987 0.6884328358208955 0.30223880597014924 0.6884328358208955 0.32089552238805974 0.667910447761194 0.32649253731343286 0.6716417910447761 0.3526119402985074 0.6697761194029852 0.373134328358209 0.6753731343283582 0.38992537313432835 0.6753731343283582 0.40298507462686567 0.6902985074626866 0.4085820895522388 0.6828358208955224 0.4253731343283582 0.6865671641791045 0.4496268656716418 0.6772388059701493 0.4701492537313433 0.6660447761194029 0.48880597014925375 0.6753731343283582 0.5093283582089553 0.7089552238805971 0.5335820895522388 0.710820895522388 0.5671641791044776 0.7276119402985075 0.6194029850746269 0.75 0.6231343283582089 0.7742537313432836 0.6231343283582089 0.7779850746268657 0.5298507462686567 0.710820895522388 0.5 0.710820895522388 0.4421641791044777 0.7089552238805971 0.417910447761194 0.7126865671641791 0.40671641791044777 0.6902985074626866 0.36567164179104483 0.6902985074626866 0.3376865671641791 0.7182835820895522 0.3283582089552239 0.7145522388059702 0.31343283582089554 0.7089552238805971 0.29850746268656714 0.6902985074626866 0.2537313432835821 0.6977611940298507 0.22388059701492538
1 0.7518656716417911 0.003731343283582089 0.753731343283582 0.07835820895522388 0.7630597014925374 0.12686567164179105 0.7481343283582089 0.1623134328358209 0.75 0.1884328358208955 0.7798507462686567 0.18470149253731344 0.7873134328358209 0.20335820895522388 0.7966417910447761 0.2332089552238806 0.8171641791044776 0.20335820895522388 0.8208955223880597 0.17537313432835824 0.8152985074626866 0.14365671641791045 0.8134328358208955 0.11567164179104478 0.7873134328358209 0.09514925373134328 0.7723880597014925 0.05223880597014925 0.7723880597014925 0.0
4 1.0 0.1772388059701492 0.8171641791044776 0.1884328358208955 0.798507462686567 0.17350746268656717 0.798507462686567 0.19402985074626866 0.7798507462686569 0.22014925373134328 0.7854477611940298 0.22761194029850743 0.7761194029850746 0.7033582089552239 0.9738805970149254 0.7052238805970148 0.9906716417910446 0.7182835820895522 1.0 0.7705223880597015
