9 0.8414179104477612 0.016791044776119403 0.871268656716418 0.014925373134328356 0.8955223880597015 0.7835820895522388 0.8600746268656717 0.7835820895522388
9 0.2294776119402985 0.0018656716417910445 0.2593283582089552 0.0 0.28171641791044777 0.9981343283582089 0.25 0.996268656716418
9 0.125 0.0 0.16044776119402987 0.0 0.17723880597014927 1.0 0.14738805970149255 1.0
10 0.12686567164179102 0.0 0.15671641791044771 0.0018656716417910068 0.1604477611940299 0.1940298507462687 0.13246268656716417 0.19402985074626863
10 0.1417910447761194 0.29477611940298504 0.15858208955223882 0.29477611940298504 0.16604477611940296 0.8246268656716418 0.14365671641791045 0.8246268656716418
8 0.8236940298507442 0.4020522388059702 0.04664179104477596 0.5951492537313434
8 0.14458955223880596 0.1063432835820896 0.024253731343283583 0.2089552238805971
8 0.15578358208955223 0.5708955223880596 0.016791044776119403 0.544776119402985
8 0.6884328358208955 0.49906716417910446 0.041044776119402965 0.36007462686567154
8 0.7863805970149254 0.7611940298507462 0.07276119402985075 0.41791044776119407
12 0.9225746268656715 0.28171641791044777 0.11380597014925385 0.04850746268656714
12 0.9216417910447761 0.03171641791044776 0.130597014925373 0.041044776119402986
8 0.31343283582089554 0.2901119402985074 0.07089552238805971 0.4272388059701492
