9 0.7686567164179103 0.0 0.8041044776119403 0.75 0.8302238805970148 0.753731343283582 0.8003731343283582 0.0
9 0.18470149253731344 0.0 0.22014925373134328 0.0 0.24067164179104478 0.9944029850746269 0.20708955223880599 0.9944029850746269
9 0.09328358208955224 0.0 0.12313432835820896 0.0 0.1417910447761194 0.9944029850746269 0.11007462686567164 0.996268656716418
4 0.8022388059701493 0.7611940298507462 0.835820895522388 0.7649253731343283 0.8432835820895522 0.8376865671641791 0.8414179104477612 0.875 0.8339552238805971 0.9402985074626866 0.832089552238806 0.9682835820895522 0.8339552238805971 0.9776119402985075 0.8414179104477612 0.9850746268656717 0.8824626865671642 0.9888059701492538 0.798507462686567 0.9981343283582089 0.8003731343283582 0.9440298507462687 0.8022388059701493 0.8992537313432836 0.7966417910447761 0.8675373134328358 0.7854477611940298 0.8470149253731343 0.7817164179104478 0.8246268656716418
8 0.16511194029850745 0.5718283582089552 0.035447761194029856 0.8414179104477612
12 0.24440298507462693 0.47108208955223874 0.17164179104477617 0.042910447761193994
12 0.06063432835820895 0.1986940298507463 0.12126865671641789 0.02425373134328357
12 0.9067164179104478 0.2294776119402985 0.14925373134328368 0.05223880597014926
8 0.9804104477611939 0.23694029850746268 0.03917910447761194 0.47388059701492535
8 0.5149253731343283 0.5298507462686567 0.08208955223880593 0.5671641791044776
12 0.2546641791044776 0.22481343283582092 0.12873134328358207 0.05783582089552237
12 0.2789179104477612 0.7677238805970148 0.12500000000000003 0.046641791044776115
12 0.2593283582089552 0.027985074626865673 0.13432835820895528 0.02611940298507463
12 0.9244402985074626 0.6436567164179103 0.15111940298507462 0.03731343283582092
