8 0.6483208955223881 0.49253731343283585 0.05410447761194021 0.9850746268656717
8 0.3171641791044776 0.45802238805970147 0.055970149253731415 0.9123134328358209
12 0.4872024176637474 0.6607869742198098 0.26366103367460214 0.04008881213765882
12 0.7578125 0.263671875 0.19140625 0.0390625
12 0.7529296875 0.6787109375 0.173828125 0.033203125
8 0.16262135922330095 0.4385113268608415 0.05987055016181229 0.8381877022653722
8 0.4781553398058253 0.8527508090614887 0.05339805825242713 0.2783171521035598
9 0.251865671641791 0.710820895522388 0.28171641791044777 0.710820895522388 0.2835820895522388 1.0 0.24813432835820895 1.0
9 0.8544776119402985 0.0 0.8824626865671642 0.0 0.9011194029850746 1.0 0.8731343283582091 1.0
1 0.2875292956704083 0.9814974713210806 0.3075737017392377 0.9599111878623412 0.3075737017392377 0.9414086591834218 0.3106574565190577 0.9259898852843221 0.3229924756383372 0.938324904403602 0.3276181078080671 0.9522018009127913 0.3399531269273467 0.9444924139632416 0.3569137782163563 0.9398667817935117 0.3707906747255459 0.930615517454052 0.3815838164549155 0.9259898852843221 0.4016282225237449 0.9213642531145924 0.4016282225237449 0.933699272233872 0.4155051190329345 0.932157394843962 0.41858887381275445 0.9475761687430615 0.39237695818428525 0.969162452201801 0.3769581842851857 0.9814974713210806 0.38312569384482553 0.9922906130504502 0.39237695818428525 0.9969162452201802 0.2844455408905885 1.0
