9 0.24813432835820895 0.0 0.2798507462686567 0.0 0.27611940298507465 0.6772388059701493 0.24067164179104478 0.6753731343283582
9 0.8600746268656717 5.10702591327572e-17 0.8955223880597015 5.10702591327572e-17 0.8992537313432837 1.0 0.8675373134328361 1.0
1 0.6604477611940298 0.3526119402985074 0.6473880597014925 0.3582089552238806 0.6380597014925373 0.36007462686567165 0.621268656716418 0.3619402985074627 0.6231343283582089 0.3805970149253731 0.6119402985074627 0.3992537313432835 0.6156716417910447 0.4328358208955223 0.6175373134328358 0.4552238805970149 0.6007462686567164 0.498134328358209 0.6063432835820896 0.5466417910447762 0.5951492537313433 0.5466417910447762 0.5932835820895522 0.5690298507462687 0.5932835820895522 0.5914179104477612 0.5876865671641791 0.6175373134328358 0.5802238805970149 0.6455223880597015 0.6044776119402985 0.664179104477612 0.6138059701492538 0.6996268656716418 0.6008925052787674 0.7364585389325968 0.606951182644337 0.777184072533793 0.5967454719433365 0.8058897618214422 0.6113023407136685 0.8242298307397062 0.6010981511097068 0.8394742265824009 0.6116609854552619 0.8951419438097993 0.6036694616803623 0.9556124434009726 0.6268656716417911 0.9776119402985075 0.6529850746268657 0.9869402985074626 0.6637324545664385 0.9891729723305375 0.6844311355608522 1.0 0.6806043951261749 0.9769011454430534 0.6811689908761616 0.9346563998825365 0.6811275061556666 0.9048022613257442 0.6882252602986495 0.8820445912347545 0.6840513028641475 0.8310728543740784 0.6958955223880597 0.789179104477612 0.6847014925373134 0.746268656716418 0.7052238805970148 0.6940298507462687 0.710820895522388 0.6660447761194029 0.7052238805970148 0.628731343283582 0.7033582089552239 0.6138059701492538 0.7126865671641791 0.6063432835820896 0.7052238805970148 0.5970149253731343 0.6902985074626866 0.5970149253731343 0.6902985074626866 0.5802238805970149 0.6828358208955224 0.5671641791044776 0.6847014925373134 0.5522388059701493 0.6958955223880597 0.5410447761194029 0.673507462686567 0.5298507462686567 0.6660447761194029 0.48507462686567165 0.664179104477612 0.4626865671641791 0.664179104477612 0.4328358208955223 0.6791044776119403 0.41044776119402987 0.6940298507462687 0.4048507462686567 0.7033582089552239 0.40298507462686567 0.6940298507462687 0.38992537313432835 0.6716417910447761 0.376865671641791
8 0.319962686567164 0.49999999999999933 0.061567164179104523 0.9999999999999987
8 0.6259328358208958 0.1753731343283582 0.06902985074626854 0.3507462686567164
12 0.7574626865671644 0.13059701492537315 0.20895522388059629 0.04477611940298502
12 0.7555970149253729 0.3395522388059702 0.1791044776119401 0.05223880597014924
12 0.7863805970149252 0.40858208955223874 0.20335820895522388 0.04850746268656714
12 0.7677238805970155 0.5242537313432838 0.17350746268656675 0.048507462686567485
12 0.7686567164179103 0.5858208955223879 0.1716417910447761 0.06343283582089569
12 0.7751865671641791 0.851679104477612 0.17723880597014927 0.061567164179104454
12 0.5298507462686567 0.6194029850746269 0.10074626865671639 0.03358208955223873
12 0.5466417910447761 0.8759328358208955 0.13059701492537315 0.03544776119402982
8 0.09546925566343041 0.4522653721682848 0.07766990291262134 0.8268608414239482
