10 0.7742537313432836 0.003731343283582089 0.7742537313432836 0.055970149253731345 0.7742537313432836 0.08022388059701493 0.7686567164179103 0.09328358208955224 0.7761194029850746 0.11380597014925373 0.7779850746268657 0.1455223880597015 0.7761194029850746 0.16977611940298507 0.7742537313432836 0.20149253731343283 0.7742537313432836 0.22761194029850745 0.7761194029850746 0.24626865671641793 0.7779850746268657 0.26119402985074625 0.7779850746268657 0.292910447761194 0.7798507462686567 0.31343283582089554 0.7798507462686567 0.332089552238806 0.7798507462686567 0.3526119402985074 0.7817164179104478 0.3694029850746269 0.7817164179104478 0.3917910447761194 0.7779850746268657 0.416044776119403 0.7873134328358209 0.4328358208955223 0.7835820895522388 0.46082089552238803 0.7761194029850746 0.49253731343283585 0.7761194029850746 0.5111940298507462 0.7798507462686567 0.5279850746268657 0.7798507462686567 0.5447761194029851 0.7873134328358209 0.5223880597014925 0.7854477611940298 0.4944029850746269 0.7798507462686567 0.4701492537313433 0.7873134328358209 0.44589552238805974
9 0.7481343283582089 0.003731343283582089 0.7817164179104478 0.0 0.792910447761194 0.542910447761194 0.7574626865671642 0.5410447761194029
9 0.15298507462686567 0.0 0.1884328358208955 0.0018656716417910445 0.19216417910447758 0.9944029850746269 0.15858208955223882 0.996268656716418
9 0.06156716417910448 0.0 0.09328358208955224 0.0018656716417910445 0.09888059701492537 0.9981343283582089 0.06716417910447761 0.9925373134328358 0.06572276973556852 0.7369273853462898
4 0.003731343283582089 0.7611940298507462 0.029850746268656712 0.7388059701492538 0.04664179104477612 0.7350746268656717 0.059701492537313425 0.0 0.005597014925373134 0.0
8 0.7751865671641787 0.49999999999999994 0.03171641791044768 1.0
8 0.4561567164179102 0.4440298507462687 0.06529850746268655 0.8768656716417911
8 0.3451492537313433 0.7583955223880596 0.059701492537313425 0.4720149253731343
12 0.23414179104477612 0.7164179104477612 0.18097014925373137 0.04104477611940311
8 0.11473880597014934 0.43563432835820864 0.03544776119402955 0.472014925373134
12 0.5960820895522388 0.542910447761194 0.2854477611940298 0.04850746268656714
12 0.4972014925373135 0.7565298507462686 0.3115671641791045 0.09141791044776128
12 0.355410447761194 0.11100746268656718 0.2817164179104478 0.0541044776119403
